0 0.104839 0.025424 0.206452 0.046005
0 0.440323 0.025424 0.235484 0.046005
0 0.791935 0.025424 0.241935 0.046005
0 0.245161 0.170702 0.196774 0.046005
0 0.103226 0.313559 0.203226 0.055690
0 0.104839 0.621065 0.206452 0.046005
0 0.100000 0.920097 0.196774 0.053269
1 0.252419 0.024213 0.082258 0.043584
1 0.600806 0.025424 0.079032 0.046005
1 0.958871 0.023002 0.079032 0.041162
1 0.775000 0.161017 0.075806 0.065375
1 0.955645 0.306295 0.079032 0.065375
1 0.433871 0.158596 0.058065 0.060533
1 0.595161 0.302663 0.067742 0.067797
1 0.248387 0.305085 0.077419 0.067797
1 0.238710 0.611380 0.058065 0.070218
1 0.246774 0.909201 0.077419 0.065375
1 0.429839 0.760291 0.043548 0.067797
1 0.602419 0.911622 0.046774 0.065375
1 0.958065 0.615012 0.077419 0.067797
1 0.962097 0.917676 0.075806 0.062954
