2 0.564000 0.801471 0.228800 0.085294
2 0.070400 0.020588 0.044800 0.035294
2 0.081600 0.229412 0.067200 0.070588
2 0.326400 0.242647 0.064000 0.061765
2 0.569600 0.252941 0.048000 0.052941
2 0.792800 0.258824 0.059200 0.058824
2 0.680000 0.472059 0.054400 0.067647
2 0.903200 0.476471 0.065600 0.064706
2 0.788800 0.694118 0.070400 0.070588
2 0.892800 0.916176 0.057600 0.061765
2 0.207200 0.467647 0.065600 0.064706
2 0.327200 0.698529 0.059200 0.067647
2 0.090400 0.695588 0.065600 0.067647
2 0.211200 0.920588 0.064000 0.064706
