0 0.279167 0.199167 0.145000 0.031667
0 0.409167 0.239167 0.081667 0.018333
0 0.249167 0.266667 0.075000 0.016667
0 0.479167 0.271667 0.061667 0.023333
0 0.429167 0.344167 0.128333 0.021667
0 0.694167 0.170000 0.148333 0.040000
0 0.756667 0.211667 0.100000 0.023333
0 0.674167 0.244167 0.071667 0.021667
0 0.716667 0.271667 0.053333 0.016667
0 0.746667 0.301667 0.066667 0.016667
0 0.649167 0.339167 0.115000 0.021667
1 0.040833 0.131667 0.078333 0.046667
1 0.095833 0.187500 0.055000 0.031667
1 0.036667 0.301667 0.040000 0.026667
1 0.378333 0.196667 0.046667 0.033333
1 0.466667 0.236667 0.030000 0.020000
1 0.299167 0.265833 0.025000 0.018333
1 0.380833 0.302500 0.031667 0.018333
1 0.466667 0.380000 0.050000 0.033333
1 0.794167 0.168333 0.045000 0.036667
1 0.827500 0.210000 0.035000 0.026667
1 0.724167 0.241667 0.021667 0.020000
1 0.790833 0.299167 0.025000 0.018333
1 0.719167 0.329167 0.031667 0.021667
