2 0.043457 0.886740 0.038086 0.069061
2 0.086914 0.886050 0.037109 0.051105
2 0.131348 0.888812 0.041992 0.067680
2 0.294922 0.214779 0.074219 0.095304
2 0.377441 0.214088 0.073242 0.096685
2 0.277344 0.731354 0.042969 0.189227
2 0.356934 0.873619 0.049805 0.048343
2 0.475586 0.125000 0.029297 0.026243
2 0.513184 0.117403 0.026367 0.027624
2 0.465820 0.283149 0.037109 0.058011
2 0.514160 0.284530 0.055664 0.060773
2 0.610840 0.263122 0.057617 0.053867
2 0.669922 0.197514 0.023438 0.022099
2 0.765625 0.188536 0.035156 0.029006
2 0.767578 0.228591 0.019531 0.017956
2 0.891602 0.186464 0.044922 0.041436
2 0.843262 0.412983 0.231445 0.063536
2 0.409668 0.491022 0.086914 0.084254
2 0.294922 0.535221 0.021484 0.040055
2 0.534180 0.548343 0.039062 0.033149
2 0.400391 0.674724 0.042969 0.037293
2 0.604492 0.574586 0.050781 0.165746
2 0.750488 0.689917 0.143555 0.114641
2 0.705078 0.575967 0.023438 0.022099
2 0.751465 0.575276 0.020508 0.023481
2 0.796875 0.576657 0.021484 0.023481
2 0.873047 0.559392 0.023438 0.024862
2 0.928223 0.560773 0.024414 0.024862
2 0.874023 0.697514 0.050781 0.052486
2 0.906738 0.848757 0.063477 0.081492
2 0.693848 0.867403 0.061523 0.052486
