2 0.147692 0.057222 0.233846 0.071603
2 0.147692 0.152387 0.243077 0.073439
2 0.626923 0.413097 0.300000 0.025704
2 0.866923 0.406671 0.130769 0.042228
2 0.268462 0.616891 0.355385 0.029376
2 0.732308 0.616279 0.344615 0.029376
2 0.501538 0.780906 0.286154 0.024480
2 0.063077 0.793452 0.067692 0.007956
2 0.850000 0.787944 0.056923 0.026316
2 0.923077 0.788250 0.083077 0.029376
2 0.092308 0.911873 0.104615 0.073439
2 0.296923 0.939412 0.218462 0.017136
2 0.502308 0.913097 0.106154 0.075887
2 0.911538 0.912791 0.103077 0.077723
