0 0.280556 0.584167 0.316667 0.041667
0 0.044444 0.594167 0.057778 0.015000
0 0.860556 0.601667 0.058889 0.016667
0 0.981667 0.864167 0.036667 0.035000
0 0.511111 0.789167 0.040000 0.035000
0 0.506111 0.856667 0.050000 0.036667
0 0.445556 0.854167 0.042222 0.041667
1 0.907222 0.599167 0.036667 0.031667
1 0.091667 0.590833 0.036667 0.031667
1 0.460556 0.820833 0.016667 0.021667
1 0.511111 0.819167 0.013333 0.015000
1 0.506111 0.898333 0.023333 0.040000
1 0.445000 0.897500 0.021111 0.041667
1 0.988333 0.909167 0.021111 0.045000
