0 0.406875 0.487097 0.041250 0.012903
0 0.785000 0.216935 0.042500 0.008065
0 0.706250 0.456452 0.030000 0.009677
0 0.843750 0.500806 0.032500 0.008065
0 0.884375 0.715323 0.023750 0.011290
0 0.516250 0.520968 0.032500 0.006452
0 0.520625 0.565323 0.043750 0.027419
0 0.408750 0.716935 0.035000 0.008065
0 0.306875 0.465323 0.033750 0.008065
0 0.310000 0.515323 0.047500 0.030645
0 0.204375 0.474194 0.033750 0.009677
0 0.210625 0.515323 0.048750 0.030645
0 0.116250 0.495968 0.030000 0.011290
0 0.121875 0.545161 0.041250 0.032258
0 0.787500 0.424194 0.040000 0.025806
1 0.815000 0.213710 0.012500 0.014516
1 0.436875 0.487097 0.016250 0.019355
1 0.538125 0.518548 0.011250 0.014516
1 0.727500 0.457258 0.012500 0.014516
1 0.863750 0.500806 0.010000 0.014516
1 0.430000 0.714516 0.012500 0.009677
