0 0.097266 0.504098 0.022656 0.010539
0 0.200000 0.472482 0.028125 0.015222
0 0.237500 0.572600 0.034375 0.009368
0 0.241016 0.631148 0.047656 0.035129
0 0.336719 0.555621 0.042188 0.017564
0 0.533203 0.579625 0.028906 0.016393
0 0.668750 0.515222 0.021875 0.011710
0 0.793359 0.544496 0.042969 0.018735
0 0.668359 0.579625 0.035156 0.037471
1 0.792578 0.568501 0.017969 0.024590
1 0.684766 0.516979 0.013281 0.015222
1 0.553516 0.581967 0.010156 0.014052
1 0.366016 0.554450 0.025781 0.022248
1 0.260937 0.574941 0.012500 0.016393
1 0.217578 0.473653 0.013281 0.017564
