0 0.422917 0.114167 0.067500 0.041667
0 0.348750 0.544167 0.137500 0.048333
0 0.252500 0.251667 0.030000 0.016667
0 0.299167 0.251667 0.030000 0.013333
0 0.344583 0.247500 0.030833 0.015000
0 0.390000 0.246667 0.030000 0.013333
0 0.435000 0.246667 0.028333 0.013333
0 0.481667 0.244167 0.028333 0.015000
0 0.526667 0.239167 0.028333 0.015000
0 0.572500 0.236667 0.030000 0.013333
0 0.618333 0.231667 0.030000 0.013333
0 0.664167 0.229167 0.030000 0.011667
0 0.709583 0.226667 0.030833 0.016667
0 0.756667 0.224167 0.031667 0.011667
0 0.802500 0.221667 0.030000 0.013333
0 0.850000 0.219167 0.031667 0.011667
0 0.897500 0.216667 0.031667 0.013333
0 0.945833 0.214167 0.030000 0.015000
0 0.989167 0.206667 0.021667 0.010000
1 0.441667 0.536667 0.053333 0.076667
1 0.468333 0.106667 0.026667 0.050000
1 0.272917 0.250000 0.010833 0.023333
1 0.318333 0.247500 0.010000 0.018333
1 0.364167 0.244167 0.010000 0.021667
1 0.409583 0.244167 0.010833 0.021667
1 0.455833 0.243333 0.011667 0.020000
1 0.501250 0.239167 0.010833 0.018333
1 0.546667 0.235833 0.011667 0.018333
1 0.592083 0.232500 0.010833 0.021667
1 0.637500 0.230833 0.010000 0.018333
1 0.683750 0.228333 0.009167 0.020000
1 0.730000 0.224167 0.011667 0.021667
1 0.776250 0.221667 0.009167 0.016667
1 0.824167 0.217500 0.011667 0.018333
1 0.870000 0.215833 0.010000 0.018333
1 0.919167 0.214167 0.011667 0.018333
1 0.966667 0.209167 0.010000 0.018333
