2 0.729554 0.123109 0.273234 0.114168
2 0.174721 0.418157 0.063197 0.024759
2 0.431227 0.419532 0.063197 0.024759
2 0.694238 0.422283 0.061338 0.024759
2 0.486989 0.464237 0.059480 0.028886
2 0.229554 0.463549 0.061338 0.027510
2 0.172862 0.509629 0.063197 0.026135
2 0.433086 0.510316 0.059480 0.027510
2 0.696097 0.512380 0.057621 0.028886
2 0.231413 0.557084 0.061338 0.027510
2 0.487918 0.555708 0.061338 0.027510
2 0.434015 0.601788 0.057621 0.023384
2 0.489777 0.649931 0.061338 0.026135
2 0.230483 0.651307 0.059480 0.026135
2 0.436803 0.698762 0.059480 0.022008
2 0.487918 0.743466 0.053903 0.023384
