2 0.507472 0.478441 0.185554 0.054726
2 0.460149 0.554726 0.063512 0.051410
2 0.526152 0.558043 0.063512 0.048093
2 0.122042 0.527363 0.029888 0.033167
2 0.164384 0.527363 0.029888 0.033167
2 0.202989 0.528192 0.027397 0.034826
2 0.245330 0.527363 0.029888 0.033167
2 0.308842 0.479270 0.027397 0.139303
2 0.683686 0.484245 0.024907 0.139303
2 0.740971 0.533997 0.027397 0.039801
2 0.781445 0.532338 0.028643 0.039801
2 0.822540 0.533167 0.026152 0.038143
2 0.863014 0.533997 0.029888 0.039801
2 0.310710 0.636816 0.073474 0.059701
2 0.385430 0.640962 0.068493 0.064677
2 0.301370 0.730514 0.072229 0.058043
2 0.377958 0.729685 0.073474 0.063018
2 0.300747 0.811774 0.073474 0.058043
2 0.376090 0.810945 0.074720 0.063018
2 0.293275 0.913765 0.075965 0.063018
2 0.374222 0.916252 0.078456 0.067993
2 0.467621 0.671642 0.038605 0.029851
2 0.514321 0.674129 0.039851 0.028192
2 0.595268 0.635987 0.067248 0.054726
2 0.668742 0.641791 0.067248 0.056385
2 0.595890 0.718076 0.066002 0.056385
2 0.668742 0.722222 0.072229 0.058043
2 0.600249 0.812604 0.074720 0.059701
2 0.675592 0.817579 0.070984 0.059701
2 0.605230 0.915423 0.074720 0.053068
2 0.682441 0.915423 0.074720 0.063018
2 0.367995 0.530680 0.026152 0.039801
2 0.405978 0.529851 0.027397 0.034826
2 0.579701 0.534826 0.026152 0.038143
2 0.618929 0.535655 0.027397 0.036484
