0 0.642938 0.346154 0.053531 0.012146
0 0.644077 0.438259 0.053531 0.014170
0 0.743166 0.392713 0.055809 0.016194
0 0.316629 0.399798 0.054670 0.018219
0 0.215831 0.351215 0.058087 0.014170
0 0.215831 0.448381 0.058087 0.014170
0 0.419134 0.436235 0.052392 0.014170
0 0.420273 0.177126 0.061503 0.018219
1 0.461845 0.173077 0.021640 0.026316
1 0.783599 0.384615 0.020501 0.024291
1 0.683941 0.341093 0.023918 0.030364
1 0.683941 0.437247 0.021640 0.024291
1 0.256264 0.348178 0.022779 0.032389
1 0.254556 0.443320 0.019362 0.028340
1 0.456150 0.431174 0.017084 0.024291
