2 0.100000 0.082583 0.072000 0.063063
2 0.302000 0.082583 0.068000 0.063063
2 0.503000 0.084084 0.074000 0.060060
2 0.682000 0.069069 0.072000 0.060060
2 0.877000 0.070571 0.066000 0.057057
2 0.961000 0.216216 0.066000 0.060060
2 0.743000 0.219219 0.070000 0.060060
2 0.222000 0.234234 0.076000 0.060060
2 0.111000 0.399399 0.078000 0.060060
2 0.309000 0.390390 0.066000 0.060060
2 0.231000 0.540541 0.074000 0.060060
2 0.114000 0.701201 0.076000 0.057057
2 0.234000 0.840841 0.072000 0.054054
2 0.685000 0.378378 0.074000 0.066066
2 0.878000 0.375375 0.072000 0.060060
2 0.957000 0.518018 0.066000 0.057057
2 0.743000 0.521021 0.066000 0.057057
2 0.868000 0.672673 0.064000 0.060060
2 0.680000 0.677177 0.064000 0.057057
2 0.496000 0.750751 0.200000 0.060060
2 0.736000 0.815315 0.064000 0.057057
2 0.953000 0.813814 0.070000 0.054054
2 0.874000 0.956456 0.072000 0.063063
2 0.687000 0.963964 0.070000 0.054054
2 0.307000 0.693694 0.058000 0.060060
