0 0.191797 0.058750 0.146094 0.040000
0 0.434766 0.059375 0.146094 0.038750
0 0.682813 0.060625 0.153125 0.036250
0 0.931250 0.051875 0.137500 0.036250
0 0.561328 0.181875 0.146094 0.033750
0 0.325000 0.179375 0.101562 0.028750
0 0.667969 0.299375 0.123438 0.031250
0 0.930469 0.295625 0.139063 0.031250
0 0.941797 0.526875 0.116406 0.031250
0 0.923828 0.754375 0.150781 0.046250
0 0.920703 0.976250 0.141406 0.040000
1 0.290625 0.053750 0.048438 0.055000
1 0.536328 0.053125 0.049219 0.051250
1 0.787109 0.045000 0.052344 0.050000
1 0.661719 0.173750 0.050000 0.047500
1 0.921484 0.166875 0.055469 0.056250
1 0.914844 0.406875 0.056250 0.051250
1 0.908984 0.640000 0.055469 0.055000
1 0.899609 0.861875 0.052344 0.053750
1 0.527734 0.287500 0.036719 0.047500
1 0.292969 0.283750 0.048438 0.057500
1 0.293359 0.718750 0.030469 0.045000
